Set = 1, P = 4, T = 0, repeats=100
"0": [4.095216, 1.480053, 0.919679, 0.805428, 0.667094, 0.788853, 0.681247, 0.589514, 0.656026, 0.95753, 0.792667, 0.647059, 0.579962, 1.181205, 0.617773, 0.697736, 0.694766, 0.621188, 0.619616, 0.675065, 0.636033, 0.620794, 0.833311, 0.833625, 0.766521, 0.620953, 0.707908, 0.623972, 0.756058, 0.610753, 0.752349, 0.639435, 0.825811, 0.695448, 0.872749, 0.62157, 0.64186, 0.84088, 0.625187, 0.638005, 0.617918, 0.72953, 0.623729, 0.62858, 0.620969, 0.610396, 0.825902, 0.827097, 0.624756, 0.848446, 0.760503, 0.779342, 0.81447, 0.686889, 0.624719, 0.62762, 0.624623, 0.849747, 0.815377, 0.75517, 0.643356, 0.618244, 0.755949, 0.622235, 0.845909, 0.67158, 0.655119, 0.624441, 0.815535, 0.860207, 0.842797, 0.695147, 0.620558, 0.654785, 0.760537, 0.80845, 0.620645, 0.656796, 0.622333, 0.681851, 0.620905, 0.642481, 0.758491, 0.660553, 0.62408, 0.765494, 0.626267, 0.741485, 0.623329, 0.619186, 0.704108, 0.611969, 0.73968, 0.624318, 0.859437, 0.669347, 0.839915, 0.688991, 0.611985, 0.830902, ],
Set = 1, P = 4, T = 10, repeats=100
"10": [2.214092, 0.789236, 0.742513, 0.619834, 0.569854, 0.68253, 0.741014, 0.56764, 0.556972, 0.57207, 0.691722, 0.649521, 0.60663, 0.557182, 0.700232, 0.5851, 0.627549, 0.630203, 0.766063, 0.604014, 0.701191, 0.617364, 0.564288, 0.576804, 0.573172, 0.599122, 0.568879, 0.557, 0.694654, 0.698352, 0.76244, 0.580491, 0.637487, 0.588592, 0.640035, 0.62251, 0.555687, 0.718701, 0.649868, 0.557533, 0.575395, 0.570587, 0.685006, 0.655101, 0.641954, 0.565051, 0.761561, 0.617439, 0.597163, 0.584377, 0.552967, 0.633199, 0.630868, 0.570304, 0.598051, 0.631943, 0.559406, 0.783635, 0.692578, 0.682599, 0.778726, 0.574162, 0.56838, 0.641471, 0.687577, 0.561361, 0.694654, 0.56415, 0.708419, 0.82242, 0.568128, 0.669557, 0.620465, 0.787535, 0.577902, 0.569894, 0.763157, 0.65442, 0.79512, 0.561872, 0.57028, 0.639512, 0.622734, 0.771998, 0.580661, 0.5745, 0.777085, 0.572516, 0.775757, 0.692297, 0.648588, 0.684675, 0.688795, 0.68007, 0.774618, 0.778277, 0.772401, 0.583729, 0.757647, 0.789994, ],
Set = 1, P = 4, T = 100, repeats=100
"100": [0.610915, 0.502996, 0.539849, 0.561769, 0.587644, 0.510857, 0.600443, 0.6114, 0.575273, 0.556228, 0.513469, 0.594506, 0.545675, 0.553173, 0.508424, 0.599178, 0.553035, 0.624717, 0.510159, 0.52862, 0.592616, 0.541277, 0.545343, 0.577586, 0.77114, 0.66359, 0.532359, 0.505926, 0.591011, 0.518916, 0.547363, 0.726516, 0.526437, 0.659162, 0.66391, 0.639037, 0.597623, 0.555397, 0.524321, 0.529436, 0.619405, 0.528432, 0.602109, 0.757087, 0.561971, 0.616813, 0.514405, 0.54172, 0.536632, 0.604884, 0.566442, 0.53112, 0.761499, 0.611081, 0.531166, 0.569819, 0.550153, 0.526702, 0.533173, 0.637833, 0.679371, 0.512812, 0.601687, 0.570047, 0.599197, 0.570725, 0.611295, 0.525985, 0.618678, 0.551902, 0.514804, 0.654161, 0.578117, 0.712089, 0.516497, 0.69534, 0.581093, 0.672059, 0.521514, 0.586916, 0.506503, 0.549954, 0.595021, 0.516639, 0.546368, 0.561297, 0.632586, 0.590262, 0.681981, 0.682013, 0.703304, 0.586023, 0.593501, 0.554975, 0.565124, 0.541246, 0.581361, 0.777428, 0.593839, 0.641763, ],

Set = 1, P = 8, T = 0, repeats=100
"0": [0.40652, 0.690508, 0.482114, 0.477686, 0.501611, 0.605627, 0.468295, 0.388441, 0.473851, 0.430799, 0.428398, 0.504328, 0.451944, 0.41814, 0.440445, 0.421896, 0.377519, 0.733238, 0.404, 0.418604, 0.35512, 0.608482, 0.411448, 0.41475, 0.434629, 0.616208, 0.428487, 0.476263, 0.433867, 0.391289, 0.394647, 0.368659, 0.577827, 0.40323, 0.417919, 0.405957, 0.406877, 0.444143, 0.800122, 0.475746, 0.433165, 0.50366, 0.486766, 0.437957, 0.711332, 0.411018, 0.431858, 0.494165, 0.404141, 0.45902, 0.555092, 0.466505, 0.373573, 0.431047, 0.458256, 0.437824, 0.445636, 0.396776, 0.461776, 0.479396, 0.406944, 0.540854, 0.427383, 0.44503, 0.409735, 0.431986, 0.45707, 0.414653, 0.529242, 0.434745, 0.435177, 0.386262, 0.377413, 0.603578, 0.421832, 0.406691, 0.397206, 0.411832, 0.545341, 0.46476, 0.526497, 0.416845, 0.445737, 0.397689, 0.442289, 0.54797, 0.446593, 0.489578, 0.384323, 0.474208, 0.610624, 0.452449, 0.405729, 0.387756, 0.379495, 0.460198, 0.397682, 0.419886, 0.465095, 0.43543, ],
Set = 1, P = 8, T = 10, repeats=100
"10": [0.363423, 0.427897, 0.352847, 0.462331, 0.361499, 0.428668, 0.435617, 0.355927, 0.390522, 0.407852, 0.351028, 0.405565, 0.40937, 0.380597, 0.478037, 0.375689, 0.36381, 0.421003, 0.343869, 0.378599, 0.437243, 0.415467, 0.421746, 0.329734, 0.446958, 0.378216, 0.392311, 0.365402, 0.477706, 0.423258, 0.35725, 0.385144, 0.402004, 0.367889, 0.351369, 0.436027, 0.471275, 0.382562, 0.46071, 0.408872, 0.40701, 0.361697, 0.342599, 0.410694, 0.414519, 0.380072, 0.434701, 0.349895, 0.435872, 0.346956, 0.375595, 0.467877, 0.369308, 0.337675, 0.340902, 0.482788, 0.371718, 0.400982, 0.369593, 0.403131, 0.412311, 0.459684, 0.396554, 0.415058, 0.459092, 0.371609, 0.41272, 0.417069, 0.39506, 0.35694, 0.451872, 0.406785, 0.44863, 0.353764, 0.399549, 0.380954, 0.429977, 0.51358, 0.397422, 0.353421, 0.367332, 0.388954, 0.477913, 0.545633, 0.336221, 0.409952, 0.391299, 0.36355, 0.355278, 0.388526, 0.488903, 0.403906, 0.394243, 0.47453, 0.38143, 0.403206, 0.383947, 0.434165, 0.399313, 0.387196, ],
Set = 1, P = 8, T = 100, repeats=100
"100": [0.368853, 0.445982, 0.363485, 0.345086, 0.315217, 0.405885, 0.422997, 0.342136, 0.434199, 0.389162, 0.444641, 0.441791, 0.3915, 0.390195, 0.43442, 0.460712, 0.351286, 0.44446, 0.388887, 0.346247, 0.423104, 0.371427, 0.403893, 0.436484, 0.339163, 0.400638, 0.391063, 0.322617, 0.329751, 0.398626, 0.405282, 0.34877, 0.381084, 0.365326, 0.43171, 0.371195, 0.39794, 0.347846, 0.448315, 0.465557, 0.397509, 0.38036, 0.416407, 0.428915, 0.381342, 0.386926, 0.443185, 0.390907, 0.493773, 0.379699, 0.34046, 0.333307, 0.374072, 0.517797, 0.368763, 0.362536, 0.441212, 0.441863, 0.399342, 0.394991, 0.406982, 0.4346, 0.511652, 0.342372, 0.348797, 0.353483, 0.435383, 0.402427, 0.372817, 0.410724, 0.348192, 0.44523, 0.425827, 0.360604, 0.376804, 0.453475, 0.419383, 0.35983, 0.434745, 0.433046, 0.436758, 0.37646, 0.318849, 0.328485, 0.409618, 0.530332, 0.3623, 0.310801, 0.454727, 0.392028, 0.44657, 0.324738, 0.341214, 0.327611, 0.43013, 0.369244, 0.342227, 0.35171, 0.40599, 0.398346, ],

Set = 1, P = 16, T = 0, repeats=100
"0": [0.256053, 0.291636, 0.335746, 0.264598, 0.256508, 0.340525, 0.259214, 0.258215, 0.339031, 0.261209, 0.264597, 0.334724, 0.253139, 0.410785, 0.400661, 0.26057, 0.263735, 0.358656, 0.26013, 0.286404, 0.358901, 0.257232, 0.264973, 0.351137, 0.256651, 0.256019, 0.259627, 0.590598, 0.305268, 0.265082, 0.257988, 0.352771, 0.288504, 0.264602, 0.345878, 0.253922, 0.252783, 0.262544, 0.355161, 0.28405, 0.259934, 0.256553, 0.470862, 0.457226, 0.28258, 0.272172, 0.277897, 0.359594, 0.265547, 0.263144, 0.261674, 0.255696, 0.353395, 0.278838, 0.260771, 0.269788, 0.359996, 0.271411, 0.259999, 0.279317, 0.270714, 0.492238, 0.355416, 0.276309, 0.288097, 0.26726, 0.370198, 0.261817, 0.298574, 0.263177, 0.273241, 0.260036, 0.387276, 0.277041, 0.277273, 0.266643, 0.257891, 0.378555, 0.256216, 0.25649, 0.271877, 0.254645, 0.368658, 0.26252, 0.263578, 0.252916, 0.288333, 0.378468, 0.273873, 0.255489, 0.26108, 0.260439, 0.386735, 0.264404, 0.259386, 0.262851, 0.279395, 0.257416, 0.37828, 0.287502, ],
Set = 1, P = 16, T = 10, repeats=100
"10": [0.246932, 0.261074, 0.252396, 0.249601, 0.398591, 0.249688, 0.254681, 0.258599, 0.251992, 0.248299, 0.255553, 0.380062, 0.242006, 0.237126, 0.245406, 0.246349, 0.284351, 0.253655, 0.372835, 0.254368, 0.246285, 0.251455, 0.251296, 0.263646, 0.257761, 0.382406, 0.245693, 0.263371, 0.246175, 0.245932, 0.259507, 0.243606, 0.397071, 0.249196, 0.24414, 0.254421, 0.284154, 0.240808, 0.268905, 0.397448, 0.249095, 0.254852, 0.251673, 0.245516, 0.258473, 0.258773, 0.39358, 0.249313, 0.249283, 0.248995, 0.254653, 0.264255, 0.253178, 0.391956, 0.258717, 0.244912, 0.250759, 0.259734, 0.26055, 0.267326, 0.402591, 0.245382, 0.247818, 0.249586, 0.248213, 0.330453, 0.273965, 0.397392, 0.241126, 0.255299, 0.246867, 0.263048, 0.286523, 0.253481, 0.426307, 0.252682, 0.264472, 0.259903, 0.261929, 0.288903, 0.306865, 0.471267, 0.307728, 0.319274, 0.270419, 0.264297, 0.259699, 0.254628, 0.428071, 0.260113, 0.256381, 0.269035, 0.249406, 0.250736, 0.272861, 0.418484, 0.255763, 0.257065, 0.279382, 0.260386, ],
Set = 1, P = 16, T = 100, repeats=100
"100": [0.275976, 0.386721, 0.241975, 0.605149, 0.300216, 0.262019, 0.271753, 0.326639, 0.288486, 0.263472, 0.259515, 0.253697, 0.469658, 0.279973, 0.498257, 0.287096, 0.292529, 0.322057, 0.305748, 0.321912, 0.295756, 0.541023, 0.304785, 0.318787, 0.267762, 0.271577, 0.286227, 0.313025, 0.303918, 0.286468, 0.468825, 0.278309, 0.319275, 0.291294, 0.318501, 0.345922, 0.293051, 0.288824, 0.302872, 0.583303, 0.318062, 0.316485, 0.342894, 0.368187, 0.307527, 0.332502, 0.317333, 0.316377, 0.48207, 0.306485, 0.280736, 0.349992, 0.290807, 0.287778, 0.43205, 0.263822, 0.305973, 0.480559, 0.285284, 0.301825, 0.265887, 0.318875, 0.257269, 0.268545, 0.319773, 0.279613, 0.472977, 0.279469, 0.340517, 0.298195, 0.282164, 0.29317, 0.33164, 0.301495, 0.288722, 0.496064, 0.308261, 0.279777, 0.308163, 0.331175, 0.301795, 0.277709, 0.28452, 0.271667, 0.312872, 0.498655, 0.325205, 0.289686, 0.379076, 0.267825, 0.336157, 0.290977, 0.288599, 0.28166, 0.516287, 0.288836, 0.353174, 0.308271, 0.277236, 0.278966, ],

